#topic doc name proportion ...
0 3 xad_00018|1 0.106195
0 0 xaa_00015|0 0.095238
0 5 xaf_0001A|1 0.093458
0 7 xah_0001C|1 0.091743
0 6 xag_0001B|1 0.091743
1 0 xaa_00015|0 0.114286
1 3 xad_00018|1 0.106195
1 5 xaf_0001A|1 0.102804
1 7 xah_0001C|1 0.100917
1 6 xag_0001B|1 0.100917
2 2 xac_00017|1 0.119266
2 5 xaf_0001A|1 0.112150
2 7 xah_0001C|1 0.110092
2 6 xag_0001B|1 0.100917
2 1 xab_00016|1 0.100000
3 4 xae_00019|1 0.117117
3 0 xaa_00015|0 0.104762
3 6 xag_0001B|1 0.100917
3 2 xac_00017|1 0.100917
3 3 xad_00018|1 0.097345
4 5 xaf_0001A|1 0.121495
4 0 xaa_00015|0 0.114286
4 4 xae_00019|1 0.108108
4 2 xac_00017|1 0.100917
4 7 xah_0001C|1 0.091743
5 1 xab_00016|1 0.109091
5 4 xae_00019|1 0.108108
5 3 xad_00018|1 0.106195
5 2 xac_00017|1 0.100917
5 0 xaa_00015|0 0.095238
6 1 xab_00016|1 0.118182
6 7 xah_0001C|1 0.110092
6 6 xag_0001B|1 0.100917
6 2 xac_00017|1 0.100917
6 4 xae_00019|1 0.099099
7 7 xah_0001C|1 0.110092
7 6 xag_0001B|1 0.110092
7 1 xab_00016|1 0.100000
7 0 xaa_00015|0 0.095238
7 5 xaf_0001A|1 0.093458
8 2 xac_00017|1 0.110092
8 1 xab_00016|1 0.109091
8 3 xad_00018|1 0.106195
8 5 xaf_0001A|1 0.102804
8 7 xah_0001C|1 0.100917
9 3 xad_00018|1 0.115044
9 6 xag_0001B|1 0.110092
9 7 xah_0001C|1 0.100917
9 1 xab_00016|1 0.100000
9 4 xae_00019|1 0.099099
